service_id,monday,tuesday,wednesday,thursday,friday,saturday,sunday,start_date,end_date
10857,1,1,1,1,1,1,0,20140712,20141208
10164,0,0,0,0,0,0,1,20140713,20141207
10074,1,1,1,1,1,0,0,20140715,20141208
11343,0,0,0,0,0,1,0,20140712,20141206
11347,0,0,0,0,0,0,1,20140713,20140824
11318,0,0,0,0,0,0,1,20140831,20141207
11348,1,1,1,1,1,0,0,20140715,20141208
10017,1,1,1,1,1,0,0,20140825,20141208
11349,0,0,0,0,0,1,0,20140712,20141206
11346,1,1,1,1,1,0,0,20140818,20141208
11344,1,0,0,0,0,0,0,20140714,20141208
11342,0,0,0,0,1,0,0,20140718,20141205
10896,1,1,1,1,1,0,0,20140721,20141208
11345,1,0,0,0,0,0,1,20140713,20140720
11339,1,1,1,1,1,1,0,20140825,20141208
11340,1,1,1,1,1,0,0,20140715,20141208
11341,0,0,0,0,0,0,1,20140721,20141207
10166,1,1,1,1,1,1,0,20140712,20140830
10165,1,0,0,0,0,0,0,20140721,20141208
10168,1,1,1,1,1,0,0,20140715,20140829
10167,1,1,1,1,1,1,0,20140901,20141208
10163,1,1,1,1,1,1,0,20140712,20141208
10162,0,0,0,0,1,0,0,20140718,20141205
10170,0,0,0,0,0,0,1,20140907,20141207
10169,0,0,0,0,0,0,1,20140713,20140831
10171,0,0,0,0,1,0,0,20140905,20141205
10173,1,1,1,1,1,0,0,20140901,20141208
10175,1,1,1,1,0,0,0,20140901,20141208
10174,0,0,0,0,0,1,0,20140906,20141206
10172,0,0,0,0,1,0,0,20140718,20140829
10319,0,0,0,0,0,1,0,20140712,20141206
10321,0,0,0,0,0,1,1,20140712,20141207
10073,1,1,1,1,1,1,1,20140712,20141208
10161,0,0,1,0,0,1,0,20140903,20141206
10160,1,1,1,1,1,1,0,20140901,20141208
10159,1,0,0,0,0,0,0,20140901,20141208
9997,0,0,0,0,1,0,0,20140822,20140829
9988,0,0,0,0,1,0,0,20140808,20140815
9992,1,1,1,1,0,0,1,20140804,20140818
9989,1,1,1,1,0,0,1,20140819,20140831
9990,0,0,0,0,0,1,0,20140823,20140830
11276,0,1,1,1,1,1,0,20140712,20140719
9995,1,1,1,1,1,0,1,20140804,20140818
11353,1,1,1,1,1,1,0,20140825,20141208
10134,1,1,1,1,1,1,0,20140715,20140823
10100,1,1,1,1,1,0,0,20140715,20140822
11322,1,1,1,1,1,0,0,20140728,20140822
10030,1,1,1,1,1,1,0,20140712,20141208
11325,1,1,1,1,1,0,0,20140715,20141208
11351,0,0,0,0,0,1,1,20140712,20141207
11352,0,0,0,0,0,1,1,20140713,20140824
10028,0,0,0,0,0,1,0,20140712,20141206
10187,0,0,0,0,0,1,0,20140719,20140823
11326,0,0,0,0,0,0,1,20140727,20140824
11321,0,0,0,0,0,1,1,20140726,20140824
11324,0,0,0,0,0,0,1,20140713,20141207
11329,0,0,0,0,0,1,1,20140712,20141207
10524,1,1,1,1,1,0,0,20140715,20140725
11350,1,1,1,1,1,0,0,20140728,20141208
11327,1,1,1,1,1,1,1,20140712,20141208
11338,1,1,1,1,1,1,0,20140726,20140823
9996,0,0,0,0,0,1,0,20140802,20140830
10322,1,1,1,1,1,0,1,20140713,20141208
11355,0,0,0,0,0,1,0,20140830,20141206
11354,1,1,1,1,1,0,0,20140818,20141208
11357,1,1,1,1,1,1,0,20140715,20141208
11356,1,1,1,1,1,1,1,20140825,20141208
11360,0,0,0,0,0,1,0,20140830,20141206
11361,0,0,0,0,0,1,0,20140712,20140823
11359,0,0,0,0,0,1,1,20140830,20141207
11358,0,0,0,0,0,1,1,20140712,20140824
11362,1,1,1,1,1,1,0,20140712,20140823
11378,0,0,0,0,0,0,1,20140713,20140831
11379,1,1,1,1,1,0,0,20140714,20140829
11375,0,0,0,0,0,1,0,20140906,20141206
11377,0,0,0,0,0,1,0,20140712,20140830
11383,1,1,1,1,1,0,0,20140901,20141208
11384,0,0,0,0,1,0,0,20140905,20141205
11376,0,0,0,0,0,0,1,20140907,20141207
11374,1,0,0,0,0,0,0,20140901,20141208
11380,0,0,1,0,0,0,0,20140903,20141203
11381,1,1,1,1,1,0,0,20140714,20141208
10219,0,0,0,0,0,1,1,20140728,20140803
10785,1,1,1,1,1,0,0,20140908,20140912
11366,0,0,0,0,0,0,1,20140720,20140803
10784,0,1,1,1,1,1,0,20140909,20140913
10116,0,1,1,1,0,0,0,20140715,20140717
10802,1,1,1,0,0,0,0,20140714,20140716
10806,1,1,1,1,1,0,0,20140728,20141003
10800,1,1,1,1,1,0,0,20140922,20140926
10794,1,1,1,1,1,0,0,20140901,20140907
10797,0,1,1,1,1,1,0,20140729,20140830
10798,1,1,1,1,1,0,0,20140728,20140829
10799,0,1,1,1,1,1,0,20140923,20140927
10269,0,0,0,0,0,1,0,20140719,20140726
10722,0,0,0,0,0,1,1,20140804,20140824
10243,1,1,1,1,1,0,0,20140901,20140905
10720,1,1,1,1,1,0,0,20140818,20140829
10721,0,0,0,0,0,1,1,20140720,20140803
10724,0,0,0,0,0,0,1,20140720,20140803
10723,1,1,1,1,1,0,0,20140721,20140801
10521,0,0,0,0,0,1,1,20140712,20140713
10715,0,0,0,0,0,1,1,20140720,20140824
10718,1,0,0,0,0,0,1,20140810,20140829
10697,0,0,0,0,0,0,1,20140721,20140824
10699,1,0,0,0,0,0,1,20140804,20140825
10698,1,0,0,0,0,0,1,20140721,20140825
10228,0,0,0,0,0,0,1,20140720,20140727
10490,1,0,0,0,0,0,1,20140811,20140825
10719,0,0,0,0,0,0,1,20140804,20140824
10702,0,0,0,0,0,0,1,20140721,20140803
10691,0,1,1,1,1,1,0,20140819,20140906
10688,1,1,1,1,1,0,0,20140818,20140905
10795,1,1,1,1,1,0,0,20140915,20140921
10725,1,1,1,1,1,1,0,20140819,20140908
10727,1,1,1,1,1,1,0,20140901,20140908
10726,0,1,1,1,1,1,0,20140819,20140830
10850,0,0,0,0,0,1,1,20140712,20140713
11578,1,1,0,0,0,0,0,20140714,20140715
11701,0,1,1,1,1,1,0,20140712,20141206
11372,0,1,1,1,1,1,0,20140715,20140810
11373,1,1,1,1,1,0,0,20140715,20140810
10858,0,1,1,1,0,0,0,20140729,20140731
10911,0,0,0,0,0,1,1,20140719,20140831
10916,1,1,1,1,1,0,0,20140716,20140829
10912,0,0,0,0,0,1,0,20140719,20140830
10909,0,0,0,0,0,0,1,20140720,20140831
10925,0,0,0,0,0,1,1,20140913,20140914
11219,0,1,1,1,1,1,0,20140722,20140809
11195,1,1,1,1,1,0,0,20140715,20141031
10974,1,1,1,1,1,0,0,20140715,20140804
11178,1,1,1,1,0,0,0,20140715,20140828
11115,1,1,1,1,0,0,0,20140805,20140828
10859,1,1,1,0,0,0,0,20140728,20140730
10930,1,1,1,1,1,0,0,20140908,20140919
10211,0,1,1,1,1,0,0,20140715,20140718
10761,0,0,1,1,1,1,0,20140712,20140719
10933,0,1,1,1,1,1,0,20140715,20140726
10710,0,1,1,1,1,1,0,20140715,20140726
10937,0,1,1,1,1,1,0,20140909,20140920
10936,0,0,0,0,1,1,0,20140725,20140726
10939,0,0,0,0,1,1,0,20140801,20140802
10938,0,0,0,0,1,1,0,20140718,20140726
10768,1,1,1,1,1,0,0,20140901,20140907
10931,1,1,1,1,1,0,0,20140922,20141003
10132,1,1,1,1,0,0,0,20140901,20140911
10176,1,1,1,1,1,0,0,20140825,20140829
10133,1,1,1,1,1,0,0,20140818,20140822
10177,0,0,1,1,1,1,0,20140716,20140719
10239,0,1,1,1,1,1,0,20140819,20140823
10178,0,1,1,1,1,0,0,20140902,20140912
10238,1,1,1,1,1,0,0,20140825,20140829
10031,0,0,0,0,0,1,1,20140830,20140831
10207,1,1,1,1,1,0,0,20140901,20140911
10234,0,0,0,0,0,1,0,20140906,20140912
10208,1,1,1,1,0,0,0,20140825,20140828
10233,0,1,1,1,1,1,0,20140826,20140830
10179,0,0,0,0,1,0,0,20140905,20140911
10112,1,1,1,1,0,0,0,20140901,20140911
10237,1,1,1,1,1,0,0,20140901,20140912
10236,1,1,1,1,0,0,0,20140825,20140828
10706,1,1,1,1,1,0,0,20140714,20140813
10707,1,1,1,1,1,0,1,20140818,20140907
10705,1,1,1,1,1,0,0,20140714,20140907
10703,1,1,1,1,1,0,0,20140714,20140907
10704,0,1,1,1,1,1,0,20140715,20140907
10695,0,0,0,0,1,1,1,20140802,20140817
10696,1,1,1,1,1,1,1,20140730,20140818
10694,1,1,1,1,1,0,0,20140730,20140818
10693,1,1,1,1,1,1,1,20140715,20140818
10690,1,1,1,1,1,1,1,20140716,20140819
10689,0,0,0,0,1,1,1,20140926,20140928
10701,0,0,0,0,0,0,1,20140810,20140824
10700,1,0,0,0,0,1,0,20140719,20140825
10708,0,1,1,1,1,1,0,20140819,20140905
10714,1,1,1,1,1,0,1,20140818,20140907
10716,0,0,0,0,0,1,1,20140802,20140824
10709,1,1,1,1,1,1,0,20140826,20140908
10711,0,1,1,1,1,1,0,20140826,20140906
10290,1,1,1,1,1,0,0,20140714,20140725
10713,1,1,1,1,1,0,1,20140825,20140907
10712,0,1,1,1,1,1,0,20140722,20140726
10673,1,0,0,0,0,0,0,20140901,20140908
10637,0,0,0,0,1,0,1,20140815,20140817
11703,1,1,1,1,0,0,0,20140901,20141009
11702,1,1,1,1,1,0,0,20140715,20140828
11704,0,0,0,0,0,0,1,20140713,20140720
10185,1,1,1,1,1,0,0,20140715,20140814
11709,1,1,1,1,1,0,0,20140724,20140814
11708,0,1,1,1,1,1,0,20140712,20140724
11707,0,1,1,1,1,1,0,20140712,20140815
11705,0,1,1,1,1,1,0,20140725,20140815
11706,0,1,1,1,1,0,0,20140715,20140723
9991,1,1,1,1,0,0,0,20140804,20140807
9993,1,1,1,1,0,0,1,20140810,20140831
9999,0,0,0,0,1,1,0,20140808,20140830
11696,1,1,1,1,1,1,1,20140901,20141208
10841,1,1,1,1,1,0,0,20140804,20140822
10538,1,1,1,1,1,0,0,20140728,20140801
10044,1,1,1,1,1,0,0,20140825,20141208
10018,1,1,1,1,1,0,0,20141103,20141208
10154,0,1,1,1,1,1,0,20140920,20141108
10313,0,0,0,0,0,1,0,20141110,20141129
10314,0,0,0,0,0,0,1,20141020,20141026
10464,1,1,1,1,1,0,1,20141020,20141102
10362,1,1,1,1,1,0,0,20141020,20141031
10360,0,1,1,1,1,0,0,20141021,20141031
10359,1,1,1,1,0,0,0,20141020,20141030
10338,1,0,1,1,1,0,0,20141104,20141121
10354,1,1,1,1,1,0,0,20140922,20141010
10439,0,0,0,0,0,1,1,20140712,20141207
10426,0,1,0,0,0,0,1,20141109,20141116
10455,1,1,1,1,1,0,0,20141001,20141010
10326,0,0,0,0,0,1,0,20140927,20141004
10352,1,1,1,1,1,0,0,20140915,20140919
10427,0,0,0,0,0,0,1,20140713,20141207
10432,1,1,1,1,1,0,0,20140715,20141208
10324,1,1,1,1,1,0,0,20140915,20141010
10451,1,1,1,1,1,1,0,20140712,20140831
10449,1,1,1,1,1,1,0,20140901,20140906
10450,1,1,1,1,1,1,0,20140712,20140831
10437,0,0,0,0,0,1,0,20140712,20141206
10430,1,1,1,1,1,0,0,20140715,20141102
10153,0,0,0,0,0,1,1,20140906,20140907
10347,0,0,0,0,0,1,1,20140927,20141005
10343,1,1,1,1,1,0,0,20140715,20141102
10453,0,1,1,1,1,0,0,20141104,20141107
10452,1,1,1,1,1,0,0,20141013,20141103
10429,1,1,1,1,1,0,0,20140715,20141208
10457,1,1,1,1,1,1,0,20140712,20141208
10456,1,1,1,1,1,0,0,20140715,20141208
10340,0,0,0,0,0,0,1,20140921,20141005
10459,1,1,1,1,1,1,1,20140712,20141208
10458,1,1,1,1,1,1,1,20140901,20140907
10431,1,1,1,1,1,0,1,20140713,20141005
10327,0,0,0,0,0,0,1,20140928,20141005
10434,0,0,0,0,0,1,0,20140712,20141206
10433,0,0,0,0,0,1,0,20141011,20141025
10425,1,1,1,1,1,1,0,20140712,20141005
10424,1,1,1,1,1,0,0,20140715,20140831
10444,0,0,0,0,0,1,1,20141108,20141116
10447,1,0,1,1,1,0,0,20141110,20141121
10448,1,1,1,1,1,1,1,20140712,20141005
10446,1,1,1,1,1,0,0,20140915,20140926
10442,1,1,1,1,1,1,1,20140712,20141005
10438,0,0,0,0,0,1,1,20141006,20141102
10440,1,1,1,1,1,1,0,20140712,20140831
10441,1,1,1,1,1,1,0,20140915,20141010
10342,1,1,1,1,1,0,1,20140915,20141010
10341,1,1,1,1,1,1,1,20140825,20140914
10345,1,1,1,1,1,1,1,20140712,20140831
10344,1,0,1,1,1,0,1,20141104,20141121
10337,0,0,0,0,0,1,1,20141004,20141005
10339,1,1,1,1,1,0,1,20140713,20141005
10349,1,1,1,1,1,0,1,20140713,20141102
10350,1,1,1,1,1,0,0,20140915,20141010
10351,1,1,1,1,1,0,0,20141104,20141121
10346,1,1,0,0,0,0,0,20140908,20140919
10348,1,1,1,1,1,0,1,20140713,20141005
10332,1,1,1,1,1,1,0,20140712,20141109
10329,0,0,0,0,0,1,0,20140712,20141206
10331,1,1,1,1,1,1,1,20140712,20141208
10330,0,0,0,0,0,1,1,20140712,20141207
10325,1,1,1,1,1,0,0,20140715,20141208
10328,1,1,1,1,1,1,1,20140712,20141208
10320,1,1,1,1,1,1,1,20140712,20141208
10357,1,1,1,1,1,1,1,20140712,20141005
10358,1,1,1,1,1,0,0,20140715,20141208
10353,1,1,1,1,1,1,0,20140712,20140914
10356,0,0,0,0,0,0,1,20140713,20141207
10318,1,1,1,1,1,1,1,20140715,20140817
10317,1,1,1,1,1,1,1,20140818,20141005
10361,1,0,0,0,0,0,0,20141020,20141027
10364,0,0,0,0,0,1,1,20140901,20140928
10371,0,0,0,0,0,0,1,20141004,20141012
10377,0,0,0,0,0,1,0,20140906,20140928
10373,0,0,0,0,0,1,1,20140809,20140810
10374,0,0,0,0,0,1,1,20140906,20140928
10375,0,0,0,0,0,1,0,20140901,20140927
10378,1,1,1,1,1,0,0,20140915,20141026
10381,1,1,1,1,1,1,1,20140712,20140803
10380,1,1,1,1,1,0,0,20140915,20141019
10379,1,1,1,1,1,0,0,20140915,20141026
10368,0,0,0,0,0,1,1,20140915,20140928
10365,0,0,0,0,0,1,1,20140915,20140928
10389,1,1,1,1,1,0,0,20140901,20141019
10392,1,1,1,1,1,0,0,20140715,20141208
10391,1,1,1,1,1,0,0,20140915,20141026
10396,0,0,0,0,0,1,1,20140818,20140914
10395,1,1,1,1,1,0,0,20140901,20141019
10398,1,1,1,1,1,0,0,20140901,20141019
10397,1,1,1,1,1,0,0,20140915,20141019
10393,1,1,1,1,1,0,0,20140915,20141026
10394,0,0,0,0,0,1,1,20140712,20140831
10383,1,1,1,1,1,0,0,20140915,20141026
10382,0,0,0,0,1,0,0,20141020,20141102
10386,1,1,1,1,1,1,1,20140811,20140914
10385,1,1,1,1,1,1,1,20140811,20140914
10390,1,1,1,1,1,1,1,20140712,20140831
10388,1,1,1,1,1,0,0,20140915,20141026
10387,1,1,1,1,1,0,0,20140915,20141026
10280,1,1,1,1,1,0,0,20140818,20141208
10401,1,1,1,1,1,0,0,20140915,20141026
10407,1,1,1,1,1,0,0,20140715,20141208
10408,1,1,1,1,1,0,0,20140915,20141026
10406,1,1,1,1,1,1,1,20140712,20140803
10409,1,1,1,1,1,0,0,20141006,20141026
10410,1,1,1,1,1,0,0,20141006,20141026
10402,0,0,0,0,0,1,1,20140825,20140831
10403,1,1,1,1,1,0,0,20140908,20141026
10400,1,1,1,1,1,0,0,20141110,20141130
10404,1,1,1,1,1,0,0,20141110,20141130
10420,1,1,1,1,1,1,0,20140712,20140803
10422,1,1,1,1,1,0,0,20141110,20141130
10421,1,1,1,1,1,1,0,20140712,20140803
10412,1,1,1,1,1,0,0,20140915,20141019
10287,0,0,0,0,0,1,0,20140915,20140927
10413,1,0,0,0,0,0,0,20141020,20141102
10414,1,0,0,0,0,0,0,20141020,20141102
10417,1,1,1,1,1,0,0,20140715,20141208
10419,1,1,1,1,1,1,1,20140712,20140803
10418,1,1,1,1,1,1,0,20140712,20140803
10415,1,1,1,1,1,1,1,20140712,20140803
10416,1,1,1,1,1,0,0,20140915,20141019
10304,0,0,0,0,0,1,0,20140920,20140927
10272,1,1,1,1,1,1,1,20140712,20140803
10268,1,1,1,1,1,0,0,20141006,20141026
10270,1,1,1,1,1,0,0,20141006,20141026
10281,0,0,0,0,0,0,1,20140811,20140914
10311,1,1,1,1,1,0,0,20141006,20141102
10276,0,0,0,0,0,0,1,20140712,20140817
10310,0,0,0,0,0,1,1,20140712,20140817
10312,1,1,1,1,1,0,0,20141006,20141026
10266,1,1,1,1,1,1,1,20140811,20140907
10265,1,1,1,1,1,0,0,20141006,20141102
10296,0,0,0,0,0,1,1,20140811,20140907
10249,0,0,0,0,0,1,1,20140908,20140928
10256,1,1,1,1,1,0,0,20141006,20141026
10295,1,1,1,1,1,1,1,20140811,20140907
10294,1,1,1,1,1,0,0,20141006,20141026
10258,1,1,1,1,1,1,1,20140811,20140907
10302,1,1,1,1,1,0,0,20141006,20141026
10303,1,1,1,1,1,0,0,20141006,20141026
10301,1,1,1,1,1,0,0,20141006,20141102
10297,1,1,1,1,1,1,1,20140818,20140914
10257,1,1,1,1,1,1,1,20140712,20141208
10291,1,1,1,1,1,0,0,20140714,20140813
10298,0,0,0,0,0,1,0,20140825,20140907
10130,0,0,0,0,0,0,1,20140720,20140817
10264,1,1,1,1,1,0,0,20141006,20141026
10300,1,1,1,1,1,1,1,20140712,20141012
10299,0,0,0,0,0,1,1,20140830,20140914
10267,0,0,0,0,0,1,1,20140811,20140907
10254,0,0,0,0,0,1,1,20140908,20140928
10292,0,0,0,0,0,1,1,20140913,20140928
10255,0,0,0,0,0,1,0,20140913,20140927
10248,0,0,0,1,1,0,0,20140814,20140815
10252,0,0,0,0,0,1,1,20140920,20140928
10495,0,0,0,0,0,1,1,20141110,20141130
10528,0,0,0,0,0,1,0,20140721,20140823
10526,0,0,0,0,0,0,1,20140804,20140824
10527,0,0,0,0,0,0,1,20140804,20140824
10496,0,0,0,0,0,0,1,20141110,20141130
10525,0,0,0,0,0,1,0,20140809,20140823
10530,1,1,1,1,1,0,0,20140728,20141208
10529,1,1,1,1,1,0,0,20140808,20141208
10500,0,0,0,0,0,1,1,20141018,20141019
10523,1,1,1,1,1,0,0,20140715,20141208
10522,1,1,1,1,1,0,0,20140728,20140814
10519,0,0,0,0,0,1,1,20140929,20141012
10518,0,0,0,0,0,1,1,20140915,20140928
10520,0,0,0,0,0,1,1,20140906,20141101
10514,0,0,0,0,0,1,1,20141115,20141130
10090,0,0,0,0,0,0,1,20140921,20141026
10531,0,0,0,0,0,1,1,20141011,20141130
10532,0,0,0,0,0,1,0,20140906,20141101
10534,0,0,0,0,0,1,1,20140906,20141101
10533,0,0,0,0,0,1,0,20140906,20141025
10504,0,0,0,0,0,0,1,20141005,20141012
10508,0,0,0,0,0,0,1,20140921,20140928
10467,0,0,0,0,0,1,0,20140913,20140928
10468,0,0,0,0,0,1,0,20140929,20141012
10497,0,1,1,1,1,1,0,20140908,20141206
10491,0,1,1,1,0,0,0,20140812,20140814
10492,0,1,1,1,1,1,0,20140723,20140814
10493,0,1,1,1,1,1,0,20140716,20140808
10498,0,1,1,1,1,1,0,20140908,20141206
10499,1,0,0,0,0,0,0,20140721,20140728
10513,0,0,0,0,0,1,0,20141004,20141011
10512,0,0,0,0,0,1,0,20140906,20141101
10511,0,0,0,0,0,1,1,20141011,20141012
10510,0,0,0,0,0,1,1,20141018,20141026
10516,0,0,0,0,0,1,0,20140712,20140817
10517,0,0,0,0,0,1,0,20141115,20141129
10515,0,0,0,0,0,1,1,20141110,20141130
10509,0,0,0,0,0,1,1,20140913,20140928
10505,0,0,0,0,0,1,1,20140929,20141012
10507,0,0,0,0,0,1,1,20141020,20141101
10506,0,0,0,0,0,1,0,20141103,20141206
10649,0,0,0,0,0,1,1,20141110,20141130
10639,0,0,0,0,0,1,0,20140915,20140928
10480,0,0,0,0,0,1,0,20140915,20140928
10242,1,1,1,1,0,0,0,20140901,20140904
10482,0,0,0,0,0,1,0,20140929,20141012
10589,0,0,0,0,0,1,1,20140915,20140928
10682,0,0,0,0,0,1,1,20140915,20141012
10616,0,0,0,0,0,1,0,20141011,20141129
10475,1,1,1,1,1,1,0,20140715,20140816
10560,0,0,0,0,0,1,0,20140719,20140816
10675,1,1,1,1,1,0,0,20140730,20140814
10485,1,1,1,1,1,1,0,20140818,20141005
10541,0,0,1,1,1,1,0,20140723,20140726
10542,0,1,1,1,1,1,0,20140729,20140802
10631,1,0,0,0,0,0,1,20140720,20140818
10540,0,1,1,1,1,0,0,20140805,20140808
10634,0,1,1,1,1,0,0,20140902,20140905
10633,1,1,1,1,1,1,1,20141027,20141208
10635,1,0,0,0,0,0,1,20140921,20141005
10640,0,0,0,0,0,1,1,20140920,20140928
10586,0,0,0,0,0,1,1,20141103,20141207
10582,1,1,1,1,1,0,0,20140901,20141102
10594,1,1,1,1,1,1,1,20141103,20141208
10647,0,0,0,0,1,0,1,20140810,20140817
10646,1,1,1,1,1,1,1,20141020,20141208
10644,1,1,1,1,1,1,1,20140721,20141208
10584,0,0,0,0,0,0,1,20141027,20141207
10556,0,0,0,0,0,0,1,20140720,20140803
10648,1,1,1,1,1,0,1,20141027,20141208
10619,1,1,1,1,1,0,0,20140818,20141208
10641,1,1,1,1,1,0,0,20140715,20140728
10645,1,1,1,1,1,1,1,20140929,20141208
10643,1,1,1,1,1,1,1,20141020,20141208
10559,0,0,0,0,0,1,0,20140719,20140803
10583,0,0,0,0,0,0,1,20141027,20141207
10662,0,0,0,0,0,1,1,20141027,20141207
10638,0,0,0,0,0,0,1,20140713,20140817
10606,1,1,1,1,1,1,0,20140715,20140816
10472,1,1,1,1,1,0,0,20140729,20140814
10289,0,1,1,1,1,1,0,20140902,20140906
10251,0,0,0,0,0,0,1,20140921,20140928
10618,0,0,0,0,0,1,1,20141110,20141130
10674,0,0,0,0,0,1,0,20141110,20141129
10684,0,0,0,0,0,1,1,20140721,20141207
10613,0,0,0,0,0,0,1,20141027,20141207
10685,0,0,0,0,0,0,1,20141027,20141207
10614,0,0,0,0,0,0,1,20141027,20141207
10204,1,1,1,1,1,0,0,20140715,20140801
10687,1,1,1,1,1,0,0,20140804,20140814
10681,0,0,0,0,0,0,1,20140921,20141026
10668,1,1,1,1,0,0,0,20140721,20140724
10669,0,1,1,1,1,0,1,20140720,20140807
10670,1,1,1,1,1,0,0,20140714,20140725
10667,1,1,1,1,1,1,1,20141103,20141208
10683,0,0,0,0,0,1,0,20140809,20140816
10665,0,0,0,0,0,1,0,20141110,20141129
10629,0,0,0,0,0,1,1,20141110,20141130
10663,0,0,0,0,0,1,1,20141110,20141130
10483,1,1,1,1,1,0,0,20140715,20140729
10678,0,0,0,0,0,1,1,20140818,20141005
10677,0,0,0,0,0,1,0,20140818,20140914
10679,1,1,1,1,1,1,1,20140818,20140914
10680,0,0,0,0,0,1,0,20140920,20140928
10623,0,0,0,0,1,1,0,20141110,20141129
10622,0,0,0,1,0,1,0,20141016,20141018
10621,0,0,0,0,1,1,0,20141017,20141018
10626,0,0,0,0,0,1,0,20141018,20141025
10575,0,0,0,0,0,1,1,20141025,20141026
10627,0,0,0,0,0,1,1,20141110,20141130
10630,0,0,0,0,0,1,1,20141115,20141130
10628,0,0,0,0,0,1,1,20141020,20141026
10652,0,0,0,0,0,1,0,20140929,20141012
10653,0,0,0,0,0,1,1,20140929,20141012
10661,0,0,0,0,0,0,1,20140720,20140817
10655,1,1,1,1,1,1,0,20140715,20140728
10654,1,1,1,1,1,1,1,20140818,20140914
10476,1,1,1,1,1,0,0,20141006,20141102
10658,1,1,1,1,1,0,0,20141006,20141102
10636,0,0,0,0,0,0,1,20140720,20140810
10284,1,1,1,1,1,0,0,20140728,20140815
10279,0,0,0,0,0,1,1,20140712,20140803
10274,1,1,1,1,1,0,0,20141006,20141026
10271,1,1,1,1,1,0,0,20141006,20141026
10278,1,1,1,1,1,0,0,20141006,20141102
10277,1,1,1,1,1,1,1,20140712,20140803
10245,1,1,1,1,1,0,0,20140715,20140813
10246,1,1,1,1,1,0,0,20140714,20140822
10261,1,1,1,1,1,0,0,20141006,20141102
10262,1,1,1,1,1,0,0,20141006,20141026
10263,0,0,0,0,0,0,1,20140811,20140914
10021,1,1,1,1,1,0,0,20141103,20141208
10020,1,1,1,1,1,0,0,20140915,20141031
10591,1,1,1,1,1,1,1,20141103,20141208
10592,1,1,1,1,1,1,1,20141103,20141208
10590,1,1,1,1,1,1,1,20141020,20141208
10587,0,0,0,0,0,1,1,20140920,20140928
10060,0,0,0,0,0,0,1,20140721,20141207
10593,1,1,1,1,1,1,1,20141103,20141208
10536,1,1,1,0,0,0,0,20140811,20140813
10535,1,1,1,1,0,0,0,20140804,20140807
10220,0,0,0,0,0,0,1,20140720,20140817
10537,1,1,1,1,1,0,0,20140721,20140725
10557,1,1,1,1,1,1,1,20140715,20140817
10609,1,1,1,1,1,1,1,20140719,20140817
10610,1,1,1,1,1,1,1,20140719,20140817
10553,0,0,0,0,0,1,1,20140719,20140817
10608,0,0,0,0,0,1,1,20140719,20140803
10611,0,0,0,0,0,0,1,20140713,20141207
10555,0,0,0,0,0,1,0,20141103,20141206
10551,0,0,0,0,0,1,1,20140719,20140803
10552,0,0,0,0,0,1,1,20140809,20140817
10550,1,0,0,0,0,0,1,20140720,20140818
10548,1,1,1,1,1,0,0,20140901,20141102
10549,0,0,0,0,0,0,1,20140713,20141207
10547,1,1,1,1,1,1,0,20140712,20141208
10558,0,0,0,0,0,1,1,20140719,20140817
10562,0,1,1,1,1,1,0,20140715,20140823
10561,0,1,1,1,1,1,0,20140715,20140814
10574,1,0,0,0,0,1,1,20141004,20141013
10573,0,0,0,0,0,1,1,20140811,20140907
10572,1,1,1,1,1,1,1,20141103,20141208
10578,0,0,0,0,0,1,1,20141004,20141012
10580,0,0,0,0,0,1,1,20140714,20140803
10581,1,1,1,1,1,1,1,20140901,20141208
10577,0,0,0,0,0,0,1,20141027,20141207
10576,0,1,1,1,1,1,0,20140908,20141019
10579,0,0,0,0,0,0,1,20141027,20141207
10565,1,1,1,1,1,0,0,20140825,20141208
10564,1,1,1,1,1,0,0,20140715,20141208
10563,1,1,1,1,1,0,0,20140825,20141208
10566,1,1,1,1,1,0,0,20140825,20141208
10570,0,0,0,0,0,0,1,20140915,20140928
10567,1,1,1,1,1,0,0,20140715,20141208
10585,0,0,0,0,0,1,0,20141103,20141206
10604,1,1,1,1,1,1,0,20141103,20141208
10602,1,1,1,1,1,0,0,20140714,20140727
10595,1,1,1,1,1,0,0,20140825,20141208
10600,1,1,1,1,1,1,1,20140712,20141208
10601,0,0,0,0,0,1,0,20140712,20141206
10596,0,0,0,0,0,0,1,20140714,20140727
10597,0,0,0,0,1,1,1,20140712,20140727
10598,0,0,0,0,0,1,0,20140712,20140727
11495,0,0,0,0,0,1,1,20140901,20141207
11738,1,1,1,1,1,1,1,20140908,20141208
11737,1,1,1,0,1,0,0,20140901,20140905
11748,1,1,1,1,1,1,1,20140726,20140824
11746,1,1,1,1,1,0,1,20140727,20140825
11744,1,1,1,1,1,1,0,20140729,20140823
11749,1,1,1,1,1,1,1,20140908,20141208
10728,1,1,1,1,1,0,0,20141006,20141010
10748,1,1,1,1,1,0,0,20141013,20141017
10759,0,0,0,0,0,1,1,20140728,20141005
10760,0,0,0,0,0,1,1,20140728,20141005
10758,1,1,1,1,1,1,1,20140721,20141208
10755,0,0,0,0,0,1,1,20140728,20141005
10756,1,0,0,0,0,0,1,20140728,20141005
10757,1,0,0,0,0,0,1,20140728,20141005
10749,1,1,1,1,1,1,1,20140712,20141208
10752,1,1,1,1,1,1,1,20140712,20141109
10751,1,1,1,1,1,1,1,20140908,20141109
10750,1,1,1,1,1,1,1,20140712,20140907
10754,1,1,1,1,1,0,0,20140715,20141208
10753,1,1,1,1,1,1,1,20140712,20141208
10765,1,1,1,1,1,1,1,20141006,20141208
10764,0,0,0,0,0,1,1,20140728,20141005
10763,1,0,0,0,0,0,1,20140901,20140921
10740,1,1,1,1,1,1,1,20140712,20141208
10739,1,1,1,1,1,1,1,20140712,20141208
10738,1,1,1,1,1,0,0,20140715,20141208
10747,0,0,0,0,0,1,1,20140712,20141207
10742,1,1,1,1,1,0,0,20140804,20141208
10746,1,0,0,0,0,0,1,20140901,20140921
10741,1,1,1,1,1,1,1,20140804,20141208
10744,1,1,1,1,1,0,0,20140922,20141208
10745,1,1,1,1,1,1,1,20140721,20141208
10743,1,1,1,1,1,1,1,20140712,20141208
10732,1,0,0,0,0,0,1,20140713,20141208
10733,0,1,1,1,1,1,0,20140712,20141206
10734,0,1,1,1,1,1,0,20140712,20141206
10730,0,1,1,1,1,1,0,20140721,20141206
10729,1,1,1,1,1,0,0,20141027,20141208
10731,1,1,1,1,1,0,0,20140804,20141208
10737,1,1,1,1,1,0,0,20140804,20141208
10736,1,1,1,1,1,0,0,20140804,20141208
10735,1,1,1,1,1,0,0,20140804,20141208
10081,1,1,1,1,1,1,1,20140915,20141031
10082,1,1,1,1,1,1,1,20140712,20141026
10083,1,1,1,1,1,0,1,20140713,20141026
10085,1,1,1,1,1,0,0,20140715,20141208
10084,1,1,1,1,1,0,1,20140915,20141031
10087,1,1,1,1,1,1,0,20140712,20141026
10089,0,0,0,0,0,0,1,20140713,20141207
10088,1,1,1,1,1,1,0,20140915,20141031
10086,1,1,1,1,1,1,1,20140712,20141026
10026,1,1,1,1,1,1,1,20140825,20141208
10024,0,0,0,0,0,1,1,20140908,20141207
10078,1,1,1,1,1,1,1,20140915,20141208
10056,0,0,0,0,0,1,1,20140908,20141207
10058,1,1,1,1,1,1,0,20140712,20141208
10029,0,0,0,0,0,0,1,20140721,20141207
10079,0,0,0,0,1,1,1,20140901,20140921
10025,1,1,1,1,1,1,1,20140825,20141208
10080,0,0,0,0,0,1,0,20140712,20141206
10075,0,0,0,0,0,0,1,20140713,20141207
10072,1,1,1,1,1,1,1,20140712,20141208
10076,1,1,1,1,1,1,1,20140712,20141208
10062,1,1,1,1,0,0,0,20140825,20140911
10063,1,1,1,1,0,0,1,20140824,20140911
10061,0,0,0,0,0,0,1,20140824,20140831
10066,1,1,1,1,1,1,0,20141110,20141208
10065,0,0,0,0,1,1,1,20140908,20140921
10067,1,1,1,1,1,1,1,20141110,20141208
10068,1,1,1,1,1,1,1,20141110,20141208
10064,1,1,1,1,1,1,0,20141110,20141208
10023,1,1,1,1,1,1,1,20140825,20141208
10071,1,1,1,1,1,1,1,20140901,20141208
10069,1,1,1,1,1,0,0,20140922,20141102
10070,1,1,1,1,1,1,0,20140915,20141208
10620,1,1,1,1,1,0,0,20140818,20141208
11501,0,0,0,0,0,1,1,20140713,20140830
11729,1,1,1,1,1,1,1,20140901,20141208
11733,0,0,0,0,0,1,1,20140901,20141207
10885,1,1,1,1,1,1,1,20140901,20141208
11728,1,1,1,1,1,1,1,20140713,20140830
11732,0,0,0,0,0,1,1,20140901,20141207
11731,1,1,1,1,1,0,0,20140712,20140824
11730,0,0,0,0,0,1,1,20140901,20141207
11720,1,1,1,1,1,0,0,20140721,20141208
11719,0,0,0,0,0,1,1,20140901,20141207
11723,1,1,1,1,1,1,1,20140715,20140830
11513,0,0,0,0,0,1,1,20140719,20140830
11722,1,1,1,1,1,1,1,20140901,20141208
11721,1,1,1,1,1,1,1,20140712,20141208
11724,1,1,1,1,1,1,1,20140715,20140814
11725,1,1,1,1,1,1,1,20140815,20140830
11741,0,1,1,1,0,1,0,20140902,20140906
11747,1,1,1,1,1,1,1,20140908,20141208
11745,1,0,0,0,0,1,1,20140727,20140825
10617,0,0,0,0,0,1,0,20141110,20141129
10057,0,1,1,1,1,1,1,20141027,20141207
10054,1,1,1,1,1,1,1,20140825,20141208
10055,1,1,1,1,1,1,1,20141027,20141208
10059,1,1,1,1,1,1,1,20141027,20141208
10053,1,1,1,1,1,1,1,20140825,20141208
11330,1,1,1,1,1,1,1,20140728,20140822
11736,1,1,1,1,1,0,0,20140714,20140829
10792,1,1,1,1,1,0,0,20140901,20140908
10786,0,1,1,1,1,1,0,20140902,20140913
10767,1,1,1,1,1,0,0,20140929,20141003
10787,0,1,1,1,1,1,0,20140930,20141004
10783,1,1,1,1,1,0,0,20141013,20141024
10776,1,1,1,1,1,0,0,20141013,20141024
10775,1,1,1,0,0,0,0,20140714,20140720
10778,0,1,1,1,1,1,0,20141014,20141025
10769,0,1,1,1,1,1,0,20141027,20141115
10774,0,1,1,1,1,1,0,20141028,20141115
10773,1,1,1,1,1,0,0,20141027,20141114
10789,1,1,1,1,1,0,0,20141030,20141114
10788,0,1,1,1,1,1,0,20140916,20140920
11727,1,1,1,1,1,1,1,20140713,20140830
11726,1,1,1,1,1,0,0,20140901,20141208
10148,1,1,1,1,1,0,0,20140825,20141109
10143,1,1,1,1,1,0,0,20140922,20141102
10149,1,1,1,1,1,1,1,20141103,20141208
10146,1,1,1,1,1,0,0,20140912,20141109
10157,0,0,0,0,0,0,1,20140804,20140810
10188,1,1,1,1,0,1,0,20140728,20140823
10186,1,1,1,1,1,1,0,20140715,20140822
10158,0,0,0,0,0,1,1,20140804,20140810
10156,0,0,0,0,0,1,0,20140811,20140823
10191,1,0,0,0,0,0,0,20140825,20140901
10129,1,1,1,1,1,0,0,20140715,20140823
10202,0,0,0,0,0,0,1,20140719,20140823
10109,1,1,1,1,1,1,1,20140811,20140823
10190,1,1,1,1,1,1,1,20140811,20140824
10114,1,1,1,1,1,1,1,20140811,20140823
10203,1,1,1,1,1,0,0,20140715,20140817
10205,1,1,1,1,1,0,0,20140901,20140912
10115,1,1,1,1,1,1,1,20140811,20140824
10189,1,1,1,1,1,0,1,20140715,20140823
10110,1,1,1,1,1,1,1,20140811,20140823
10040,1,1,1,1,1,1,0,20140712,20141208
10206,0,0,0,0,0,1,1,20140719,20140823
10213,1,1,1,1,1,0,1,20140719,20140817
10231,1,1,1,1,1,1,0,20140715,20140823
10194,1,1,1,1,1,0,1,20140715,20140822
10180,1,1,1,1,1,0,0,20140825,20140911
10183,0,1,1,1,1,0,0,20140826,20140829
10184,0,0,0,0,0,1,0,20140826,20140912
10181,1,1,1,1,1,0,0,20140825,20140911
10182,0,0,0,0,0,1,0,20140830,20140912
10193,1,1,1,1,1,1,1,20140716,20140824
10192,1,1,1,1,1,1,1,20140715,20140823
10195,1,1,1,1,1,1,1,20140715,20140822
10201,1,1,1,1,1,1,0,20140712,20141208
10199,1,1,1,1,1,1,1,20140825,20141208
10027,1,1,1,1,1,1,1,20141006,20141208
10197,0,0,0,0,0,1,1,20140825,20141207
10198,1,1,1,1,1,1,1,20140825,20141208
10200,1,1,1,1,1,1,1,20140721,20141208
10210,0,0,0,0,0,0,1,20140908,20140914
10214,1,1,1,1,1,0,1,20140811,20140822
10215,1,1,1,1,1,1,1,20140811,20140823
10222,0,0,0,0,0,0,1,20140803,20140817
10223,1,1,1,1,1,1,0,20140715,20140823
10226,1,1,1,1,1,0,0,20140715,20140823
10224,0,0,0,0,0,1,1,20140802,20140817
10227,0,0,0,0,0,1,1,20140719,20140727
10225,1,1,1,1,1,0,0,20140715,20140823
10229,1,1,1,1,1,0,0,20140715,20140822
10230,0,0,0,0,0,0,1,20140803,20140810
10212,0,0,0,0,0,1,1,20140720,20140817
10037,1,1,1,1,1,1,1,20140825,20141208
10048,1,1,1,1,1,1,0,20140901,20141026
10047,0,0,0,0,0,1,1,20140908,20141207
10049,0,0,0,0,0,1,0,20140712,20141206
10038,1,1,1,1,1,1,1,20140825,20141208
10050,1,1,1,1,1,1,1,20140825,20141208
10051,1,1,1,1,1,1,1,20140825,20141208
10052,1,1,1,1,1,1,0,20140908,20141026
10042,1,1,1,1,1,1,1,20140825,20141208
10046,1,1,1,1,1,1,1,20141006,20141208
10045,1,1,1,1,1,1,0,20140908,20141026
10022,0,0,0,0,0,1,1,20140825,20141207
10032,0,0,0,0,1,1,1,20140829,20140831
10041,1,1,1,1,1,1,1,20141006,20141208
10035,0,0,0,0,0,1,1,20140908,20141207
10034,1,1,1,1,1,1,1,20140825,20141208
10036,0,0,0,0,0,1,1,20140825,20141207
10039,1,1,1,1,1,1,1,20140825,20141208
10118,0,0,0,0,0,1,1,20140922,20141102
10122,0,0,0,0,0,0,1,20140922,20141102
10119,0,0,0,0,0,1,1,20140922,20141102
10120,1,1,1,1,1,1,1,20140922,20141107
10123,0,0,0,0,0,1,0,20140908,20141025
10128,0,0,0,0,0,1,1,20140922,20141102
10117,1,1,1,1,1,1,1,20140712,20141208
10111,1,1,1,1,1,1,1,20140811,20140823
10139,0,0,0,0,0,1,0,20140901,20141025
10138,0,0,0,0,1,1,1,20140929,20141102
10136,1,1,1,1,1,1,1,20140811,20140823
10140,1,1,1,1,1,0,0,20140825,20140911
10489,1,1,1,1,1,1,0,20140818,20140914
10486,1,1,1,1,1,0,0,20140714,20140817
10488,1,1,1,1,1,1,0,20140818,20141005
10487,1,1,1,1,1,0,0,20141006,20141026
10470,1,1,1,1,1,0,0,20140729,20140816
10471,1,1,1,1,1,1,0,20140729,20140816
10469,1,1,1,1,1,1,0,20140715,20140816
10473,0,0,0,0,0,1,0,20140802,20140816
10478,1,1,1,1,1,0,0,20141006,20141026
10479,1,1,1,1,1,0,0,20141006,20141102
10107,0,0,0,0,0,1,0,20140920,20141025
10098,0,0,0,0,0,0,1,20140713,20141207
10108,0,0,0,0,0,1,0,20140712,20141206
10102,1,1,1,1,1,0,0,20140915,20141031
10103,1,1,1,1,1,0,0,20141103,20141107
10101,1,1,1,1,1,0,0,20140915,20141107
10099,1,1,1,1,1,0,0,20141110,20141208
10106,1,1,1,1,1,1,1,20140915,20141031
10105,1,0,1,1,1,0,0,20141110,20141114
10104,1,1,1,1,1,0,0,20140715,20140914
10094,0,1,1,1,1,1,0,20141110,20141206
10091,1,1,1,1,1,1,1,20140712,20141208
10092,1,1,1,1,1,1,1,20140712,20141208
10097,1,1,1,1,1,1,0,20140712,20141208
10096,1,1,1,1,0,0,0,20141013,20141019
11282,0,0,0,0,0,1,1,20140712,20141207
11284,1,1,1,1,1,1,0,20140818,20141208
11283,1,1,1,1,1,1,1,20140818,20141208
11286,0,0,0,0,0,0,1,20140713,20140803
11285,0,0,0,0,1,0,1,20140810,20140824
11278,0,0,0,0,0,0,1,20140907,20141012
11277,0,0,0,0,0,0,1,20141019,20141207
11281,1,1,1,1,1,0,0,20140721,20140829
10888,0,0,0,0,0,1,1,20140906,20141207
11279,0,0,0,0,0,1,1,20140818,20141207
11280,0,0,0,0,0,0,1,20140721,20141207
11292,1,1,1,1,1,1,1,20140818,20141208
11290,0,0,0,0,0,0,1,20140818,20141207
11291,0,0,0,0,0,0,1,20140727,20140831
11288,0,0,0,0,0,0,1,20140720,20140824
11289,0,0,0,0,0,1,1,20140901,20141207
10947,1,1,1,1,1,0,0,20140827,20141208
10946,1,1,1,1,1,0,0,20140715,20140826
11526,0,0,0,0,1,1,0,20140815,20140816
11525,0,0,0,0,0,1,1,20140714,20140810
11527,0,0,0,0,0,1,1,20140913,20140928
11530,0,1,1,1,0,0,0,20141014,20141030
11517,1,1,1,1,1,1,0,20140908,20141003
11536,1,1,1,1,1,1,1,20141110,20141208
11535,0,0,0,0,0,1,1,20140920,20140921
11539,1,1,1,1,1,1,1,20140908,20141003
11538,1,1,1,1,1,1,0,20141110,20141208
11531,0,0,0,0,1,0,0,20140818,20141205
11481,1,1,1,1,1,0,0,20140715,20141208
11131,1,1,1,1,1,0,0,20140908,20141003
11516,1,1,1,1,1,1,0,20140715,20140907
11515,1,1,1,1,1,0,0,20140901,20141208
11521,0,0,0,0,0,1,0,20140719,20140810
11520,0,0,0,0,0,0,1,20140914,20140928
11522,0,0,0,0,0,0,1,20140714,20141207
11524,1,1,1,1,1,0,0,20141027,20141208
11523,0,0,0,0,1,0,0,20140912,20140926
11519,1,1,1,1,1,0,0,20140715,20141208
11555,0,0,0,0,1,0,0,20141114,20141205
11556,0,0,0,0,1,0,0,20140912,20140921
11557,0,0,0,0,1,0,0,20140801,20140810
11488,0,0,0,0,0,0,1,20140922,20140928
11554,0,0,0,0,1,0,0,20140718,20141205
11122,0,0,0,0,1,0,0,20140912,20141003
11560,0,0,0,0,0,0,1,20140714,20140831
11544,1,1,1,1,1,0,1,20140908,20141003
11540,0,0,0,0,1,1,1,20140815,20140817
11545,1,1,1,1,1,0,1,20140714,20140928
11542,1,1,1,1,1,1,1,20141110,20141208
11541,1,1,1,1,1,1,1,20140715,20140731
11546,1,1,1,1,1,1,1,20141110,20141208
11549,1,1,1,1,1,0,0,20141027,20141208
11551,1,1,1,1,1,0,0,20140801,20140829
11550,1,1,1,1,1,0,0,20140908,20140930
11418,1,1,1,1,1,0,0,20140901,20141017
11421,1,1,1,1,1,0,0,20140715,20141208
11460,0,0,0,0,0,1,0,20140712,20141206
11440,0,0,0,0,0,1,0,20140906,20141011
11563,0,0,0,0,0,1,1,20140901,20141012
11464,0,0,0,0,0,1,1,20140719,20141207
11420,1,1,1,1,1,0,0,20141020,20141208
11566,0,0,0,0,0,1,0,20140719,20141206
11424,0,0,0,0,0,1,1,20140906,20141012
11567,0,0,0,0,0,1,1,20140713,20140817
11452,0,0,0,0,0,1,1,20140712,20141207
11463,0,0,0,0,0,1,1,20141013,20141207
11465,0,0,0,0,0,0,1,20141013,20141207
11562,0,0,0,0,0,0,1,20140901,20141012
11456,0,0,0,0,0,0,1,20140720,20141207
10978,1,1,1,1,1,0,0,20140829,20141208
10962,0,0,0,0,0,1,1,20140712,20140803
10976,0,0,0,0,0,1,1,20141103,20141207
10979,1,1,1,1,1,0,0,20140728,20140826
10975,1,1,1,1,1,0,0,20140901,20141102
10972,1,1,1,1,1,0,0,20140915,20141026
10942,0,0,0,0,0,1,1,20141103,20141207
10961,0,0,0,0,0,1,1,20141013,20141101
10983,0,0,0,0,0,1,1,20140915,20140928
10951,0,0,0,0,0,1,1,20141025,20141101
10956,0,0,0,0,0,1,0,20141025,20141101
10982,0,0,0,0,0,1,1,20140915,20140928
10960,0,0,0,0,0,1,1,20141013,20141101
10971,1,1,1,1,1,1,1,20140712,20140826
10968,0,0,0,0,0,0,1,20141027,20141130
10966,0,0,0,0,0,1,1,20141103,20141130
10969,1,1,1,1,1,1,1,20140712,20140826
10967,0,0,0,0,0,0,1,20140713,20140803
10963,0,0,0,0,0,0,1,20141018,20141026
10965,0,0,0,0,0,1,1,20141027,20141206
10964,1,1,1,1,1,0,0,20140915,20141026
11093,1,1,1,1,1,0,0,20140715,20141208
10997,1,1,1,1,1,0,0,20140804,20140826
11043,1,1,1,1,1,1,1,20140804,20140826
11044,1,1,1,1,1,1,1,20141103,20141130
11039,0,0,0,0,0,1,1,20141103,20141130
11042,1,1,1,1,1,1,1,20140714,20141208
11047,0,0,0,0,0,1,0,20141013,20141025
11045,0,0,0,0,0,1,1,20141013,20141026
11023,1,0,1,0,0,0,0,20140908,20140910
11027,0,0,0,0,0,0,1,20141019,20141026
11033,1,1,1,1,1,0,0,20140818,20141208
11034,0,1,1,0,0,0,0,20140715,20140725
11038,0,0,0,0,0,1,1,20141027,20141123
11035,1,1,1,1,1,0,0,20140915,20141026
11036,0,0,0,0,0,0,1,20141027,20141123
11030,1,1,1,1,1,0,0,20140718,20141208
11031,0,0,0,0,0,1,1,20141206,20141207
11029,0,0,0,0,1,0,0,20140718,20140831
11049,0,0,0,0,0,1,0,20141013,20141101
11073,1,1,1,1,1,0,0,20140909,20141128
11074,1,1,1,1,1,0,0,20140804,20140829
11077,1,1,1,1,1,1,1,20140712,20140803
11076,1,1,1,1,1,1,1,20140712,20140907
11072,0,0,0,0,0,1,1,20140811,20140830
11056,1,1,1,1,1,1,0,20140712,20140803
11070,1,0,0,0,0,0,0,20140915,20141124
11078,1,1,1,1,1,0,0,20140909,20141026
11085,0,0,0,0,0,1,1,20140712,20140907
11084,1,1,1,1,1,1,1,20141027,20141123
11080,1,1,1,1,1,0,0,20140909,20141012
11081,1,1,1,1,1,0,0,20140728,20140824
11079,1,1,1,1,1,0,0,20141013,20141205
11083,0,0,1,1,1,0,0,20140730,20140803
11082,1,1,1,1,1,0,0,20140909,20141026
10991,1,1,1,1,1,0,0,20141006,20141017
11052,0,0,0,0,0,1,1,20140712,20140803
11063,0,0,0,0,0,1,0,20140712,20140803
10993,0,0,0,0,0,0,1,20141027,20141207
11067,1,1,1,1,0,0,0,20140827,20141208
11066,1,1,1,1,1,0,0,20140818,20141208
11068,1,1,1,1,0,0,0,20140715,20140826
10821,0,0,0,0,1,0,0,20140718,20141205
11065,0,0,0,0,1,0,0,20140929,20141019
11058,0,0,0,0,0,0,1,20140831,20141207
11059,1,1,1,1,1,0,0,20140723,20140826
11053,0,0,0,0,0,0,1,20140811,20140914
11060,0,1,1,1,1,0,0,20140715,20140722
11062,0,0,0,0,0,1,0,20140712,20140803
10985,0,0,0,0,0,1,0,20140712,20140823
11089,0,0,0,0,0,1,1,20141129,20141130
11051,0,0,0,0,0,1,1,20141115,20141116
11050,0,0,0,0,0,1,0,20141103,20141129
11090,0,1,1,1,1,0,0,20140909,20141128
11091,0,0,0,0,0,1,0,20140712,20141206
11055,1,1,1,1,1,0,0,20141020,20141024
11054,1,1,1,1,1,0,0,20140901,20141208
10954,0,0,0,0,0,1,1,20141018,20141101
10950,0,0,0,0,0,1,1,20140915,20141012
10948,0,0,0,0,0,1,1,20140929,20141012
10949,0,0,0,0,0,1,1,20140915,20140928
10953,0,0,0,0,0,0,1,20140915,20141012
10955,0,0,0,0,0,1,0,20140809,20141011
11008,1,1,1,1,1,0,1,20140811,20141208
11007,0,0,0,0,0,1,0,20141103,20141206
11009,0,0,0,0,1,0,0,20140829,20141205
11010,0,0,0,0,1,0,0,20140718,20140822
11000,1,1,1,1,1,0,0,20141013,20141205
10999,1,1,1,1,1,0,0,20140915,20141012
11004,0,0,0,0,0,0,1,20140714,20140803
11021,0,0,0,0,0,1,1,20141103,20141130
11022,0,0,0,0,1,1,1,20140811,20140824
11020,1,1,1,1,1,0,0,20140922,20141012
11019,1,0,0,0,0,1,1,20140712,20140727
11017,1,1,1,1,0,0,0,20140721,20140813
11011,0,1,1,1,1,0,0,20141028,20141031
11012,1,1,1,1,1,1,0,20140712,20140826
11015,1,1,1,1,0,0,0,20140909,20141127
11014,1,1,1,1,1,0,0,20140827,20141109
11013,0,0,0,0,0,1,1,20141027,20141123
10987,0,0,0,0,0,0,1,20141005,20141012
10989,0,0,0,0,0,1,0,20141129,20141206
10986,1,1,1,1,1,0,0,20140715,20140822
10994,1,1,1,1,1,0,0,20140827,20141208
10995,1,1,1,1,1,0,1,20141027,20141130
10996,1,1,1,1,1,0,1,20140713,20140826
10992,1,1,1,1,1,1,1,20141103,20141208
11272,0,0,0,0,0,1,0,20140712,20141025
11275,0,0,0,0,0,1,0,20140719,20140817
11198,0,0,0,0,0,1,0,20140712,20141206
11273,0,0,0,0,0,0,1,20140713,20141026
11270,1,1,1,1,1,1,1,20140712,20141031
11199,0,0,0,0,0,0,1,20140713,20141207
11271,1,0,0,0,0,1,0,20140901,20140929
11269,1,0,0,0,0,1,1,20140712,20141027
11268,0,1,1,1,1,0,0,20140715,20141031
11267,0,0,0,0,0,0,1,20140713,20141207
11301,1,1,1,1,1,1,1,20140715,20141208
11364,0,0,0,0,0,1,1,20140804,20140831
11313,1,1,1,1,1,1,1,20140712,20141208
11370,1,1,1,1,1,1,1,20140901,20141208
11311,0,0,0,0,0,1,1,20140712,20141207
11310,1,1,1,1,1,1,1,20140901,20141208
11369,1,1,1,1,1,1,1,20140712,20141208
11368,1,1,1,1,1,1,1,20140811,20140831
11367,1,1,1,1,1,1,1,20140915,20141208
11371,0,0,0,0,0,1,1,20140712,20141102
10895,1,1,1,1,1,1,1,20140712,20141208
10902,0,1,1,1,1,0,0,20140712,20140718
10901,1,1,1,1,1,1,1,20140719,20141208
10844,0,0,0,0,0,1,1,20140719,20141207
10898,1,1,1,1,1,0,0,20140714,20140718
10899,1,1,1,1,1,1,1,20140719,20141208
10903,1,1,1,1,1,1,0,20140719,20141208
10900,1,1,1,1,1,1,0,20140719,20141208
10897,1,1,1,1,1,1,1,20140818,20141208
10814,1,1,1,1,1,1,1,20140712,20141208
10873,1,1,1,1,1,0,0,20140804,20140824
10845,0,0,0,0,0,1,1,20141108,20141109
10875,1,1,1,1,1,0,0,20140818,20140907
10874,1,1,1,1,1,0,0,20141006,20141024
10872,1,1,1,1,1,0,0,20141124,20141205
10870,1,1,1,1,1,0,0,20141027,20141116
10871,0,0,0,0,0,0,1,20140713,20141207
10880,0,0,0,0,0,1,1,20140712,20141207
10867,1,0,0,0,0,1,1,20140712,20141208
10877,0,1,1,1,1,0,0,20140716,20141205
10876,1,1,1,1,1,0,0,20141027,20141205
10879,1,1,1,1,1,0,1,20140915,20141208
10878,1,1,1,1,1,0,0,20141027,20141107
10868,1,1,1,1,1,0,0,20140818,20140907
10815,1,1,1,1,1,0,0,20141124,20141128
10855,1,1,1,1,1,1,1,20140712,20141208
10884,1,1,1,1,1,1,1,20140712,20141208
10866,1,1,1,1,1,1,1,20140712,20140907
10865,1,1,1,1,1,0,0,20140715,20141208
10883,0,0,0,0,0,1,0,20140712,20141206
10881,1,1,1,1,1,1,1,20140712,20141208
10853,0,0,0,0,0,1,1,20140719,20141207
10854,1,1,1,1,1,0,0,20140715,20141208
10848,1,1,1,1,1,0,0,20141027,20141116
10849,1,1,1,1,1,0,0,20140929,20141107
10846,1,1,1,1,1,0,0,20141027,20141205
10847,1,1,1,1,1,0,0,20140716,20141208
10824,0,0,0,0,0,1,1,20140712,20140713
10851,1,1,1,1,1,1,1,20140716,20141208
10856,1,1,1,1,1,1,1,20140712,20140921
10828,1,1,1,1,1,0,0,20140804,20140912
10826,1,1,1,1,1,0,0,20140804,20140907
10825,0,0,0,0,0,1,1,20140929,20141207
10832,0,0,0,0,0,0,1,20140720,20141207
10830,1,1,1,1,0,0,0,20140721,20141208
10829,1,1,1,1,1,0,0,20141027,20141205
10820,1,1,1,1,1,1,1,20140716,20141208
10822,1,1,0,0,0,0,0,20140714,20140715
10823,1,1,1,1,1,0,0,20140716,20141208
10818,1,1,1,1,1,0,0,20140716,20141208
10819,0,0,0,0,0,1,0,20140719,20141206
10843,1,1,1,1,0,0,0,20140716,20141208
10842,1,1,1,1,1,0,0,20141006,20141024
10835,0,0,0,0,0,0,1,20140720,20141207
10834,1,1,1,1,1,0,0,20141117,20141205
10839,1,1,1,1,1,0,0,20141006,20141024
10836,0,0,0,0,1,0,0,20140725,20141205
10817,1,1,1,1,1,1,1,20140712,20141208
10816,1,1,1,1,1,1,1,20140712,20141208
10812,1,1,1,1,1,1,1,20140728,20140928
10813,1,1,1,1,1,1,1,20140721,20140928
10811,1,1,1,1,1,1,1,20140721,20141208
10810,1,1,1,1,1,1,1,20140721,20141208
10809,1,1,1,1,1,0,0,20141013,20141024
10860,1,1,1,1,1,1,1,20140712,20141208
10862,1,1,1,1,1,1,1,20140804,20140907
10861,0,0,0,0,0,1,1,20140908,20140921
10863,1,1,1,1,1,1,1,20140712,20141208
10904,1,1,1,1,1,1,1,20140712,20141208
10905,1,1,1,1,1,1,1,20140712,20141208
10906,1,1,1,1,1,1,1,20140712,20141208
10945,1,1,1,1,1,1,1,20141103,20141208
10944,1,1,1,1,1,1,1,20140712,20141208
10943,0,0,0,0,0,1,1,20140712,20141207
11293,1,1,1,1,1,1,1,20140712,20141208
11295,1,1,1,1,1,1,1,20140818,20141208
11294,1,1,1,1,1,1,1,20140712,20141208
11296,0,0,0,0,0,1,1,20140712,20141207
11297,1,1,1,1,1,0,0,20140901,20140928
11298,1,1,1,1,1,1,1,20140818,20141208
11305,0,0,0,0,0,1,1,20140719,20140824
11304,1,1,1,1,1,1,1,20140804,20140829
11306,0,0,0,0,0,1,1,20140719,20141207
11303,1,1,1,1,1,1,1,20140908,20141208
11300,0,0,0,0,0,1,1,20140726,20141207
11299,1,1,1,1,1,1,1,20140715,20141208
11302,0,0,0,0,0,1,1,20140726,20140810
11309,0,0,0,0,0,0,1,20140728,20140803
11308,0,0,0,0,0,1,1,20140719,20141207
11259,1,1,1,1,1,0,0,20140715,20141208
11258,0,0,0,0,0,0,1,20140713,20141207
11226,1,1,1,1,1,0,0,20140715,20141208
11256,1,1,1,1,1,1,0,20140721,20141208
11257,1,1,1,1,1,1,1,20140712,20141208
11255,1,1,1,1,1,1,1,20140712,20141208
11260,0,0,0,0,0,1,0,20140802,20141206
11264,1,1,1,1,1,0,0,20140715,20141208
11261,0,0,0,0,0,0,1,20140713,20141207
11250,0,0,0,0,0,1,0,20140712,20141206
11251,1,1,1,1,1,0,0,20140714,20140727
11265,0,0,0,0,0,1,1,20140721,20141207
11252,1,1,1,1,1,0,0,20140714,20140727
11254,1,1,1,1,1,0,1,20140713,20141208
11228,1,1,1,1,1,1,1,20140714,20141208
11224,0,0,0,0,0,1,0,20140719,20141206
11246,0,0,0,0,0,0,1,20140713,20141207
11238,0,0,0,0,0,1,1,20141006,20141102
11239,1,1,1,1,1,0,0,20141027,20141031
11237,1,1,1,1,1,1,0,20140715,20141208
11235,1,1,1,1,1,1,1,20140712,20141208
11229,1,1,1,1,1,0,1,20140714,20141208
11232,1,1,1,1,1,0,0,20140901,20141003
11233,1,0,0,0,0,0,1,20140713,20141208
11231,1,1,1,1,1,0,0,20140721,20141208
11240,0,0,0,0,1,1,1,20140714,20141207
11241,1,1,1,1,0,0,0,20140715,20141208
11245,1,1,1,1,1,0,0,20140922,20141005
11243,1,1,1,1,1,0,0,20141027,20141123
11242,0,0,0,0,0,0,1,20140714,20141207
11236,0,0,0,0,0,1,1,20141006,20141026
11220,0,0,0,0,0,1,1,20140712,20141207
11222,0,0,0,0,0,0,1,20140713,20141207
11223,1,1,1,1,1,1,1,20140713,20140921
11221,1,1,1,1,1,1,1,20140712,20141208
11218,1,1,1,1,1,1,1,20140713,20141208
11249,0,0,0,0,0,1,1,20140712,20141207
11248,1,1,1,1,1,1,1,20140712,20141208
11180,1,1,1,1,1,1,1,20140712,20141208
11184,0,0,0,0,0,1,0,20140712,20141206
11181,0,0,0,0,0,1,1,20140712,20141207
11183,0,0,0,0,0,1,1,20140712,20141207
11179,0,0,0,0,0,1,1,20140712,20141207
11186,1,1,1,1,1,1,0,20140721,20141208
11185,1,1,1,1,1,1,1,20140915,20141208
11182,1,1,1,1,1,1,1,20140712,20141208
11188,1,1,1,1,1,1,1,20140712,20141208
11187,0,0,0,0,0,1,1,20140721,20141207
11190,0,0,0,0,0,1,0,20140818,20141206
11189,0,0,0,0,0,1,1,20140721,20141207
11213,0,0,0,0,0,1,1,20140818,20140921
11200,1,1,1,1,1,1,0,20140712,20141208
11202,1,1,1,1,1,1,1,20140712,20141208
11217,0,0,0,0,0,0,1,20140713,20141026
11216,0,0,0,0,0,0,1,20140907,20141026
11214,0,1,1,1,1,0,0,20140716,20141205
11215,1,0,0,0,0,0,0,20140715,20141208
11203,1,1,1,1,1,1,1,20140712,20141208
11204,1,1,1,1,1,1,1,20140712,20140817
11191,0,0,0,0,0,1,1,20140712,20141207
11192,1,1,1,1,1,1,1,20140712,20141208
11193,0,0,0,0,0,1,1,20140712,20141207
11197,1,1,1,1,1,1,1,20140712,20141208
11196,1,1,1,1,1,1,1,20140712,20141208
11201,1,1,1,1,1,1,1,20140713,20141208
11206,0,0,0,0,0,1,1,20140712,20141026
11205,0,0,0,0,0,1,1,20140712,20141026
11212,1,1,1,1,1,1,1,20140922,20141208
11207,0,0,0,0,0,1,1,20140712,20141207
11208,0,0,0,0,0,1,1,20140712,20141207
11210,1,1,1,1,1,1,1,20140712,20141208
11211,1,1,1,1,1,0,0,20140715,20141208
11209,0,0,0,0,0,1,1,20140818,20140928
11494,0,0,0,0,0,1,1,20140831,20141207
11385,1,1,1,1,1,0,0,20140804,20140808
11387,1,1,1,1,1,0,0,20140715,20140803
10918,1,1,1,1,1,1,0,20140715,20140830
11502,0,0,0,0,0,0,1,20140714,20140824
11388,1,1,1,1,1,1,0,20140715,20140830
11386,1,1,1,1,1,0,0,20140715,20140829
11503,0,0,0,0,0,0,1,20140714,20140824
11511,1,1,1,1,1,1,1,20140831,20141208
11510,0,1,1,1,1,1,0,20140716,20140814
11509,1,0,0,0,0,0,0,20140721,20140825
11506,1,1,1,1,1,1,1,20140716,20141208
11507,0,0,0,0,0,0,1,20140721,20140831
11508,0,0,0,0,0,0,1,20140712,20140810
11512,1,0,0,0,0,0,0,20140715,20140829
11505,1,1,1,1,1,1,1,20140823,20141208
11504,1,1,1,1,1,1,1,20140818,20141208
11499,1,1,1,1,1,1,1,20140818,20141208
11390,1,1,1,1,1,1,0,20140809,20140830
11496,0,0,0,0,0,0,1,20140712,20140831
11500,1,1,1,1,1,1,1,20140818,20141208
11498,1,0,0,0,0,0,0,20140715,20140825
11389,1,1,1,1,1,1,0,20140715,20140802
11514,1,1,1,1,1,1,1,20141013,20141208
11393,1,1,1,1,1,1,1,20140915,20141208
11391,0,0,0,1,1,1,1,20140904,20140907
11392,1,1,1,1,1,1,1,20140712,20140907
11419,1,1,1,1,1,0,0,20141020,20141208
11430,1,1,1,1,1,1,1,20140712,20140831
11427,1,1,1,1,1,1,1,20140712,20140817
11426,1,1,1,1,1,1,1,20140901,20141017
11425,0,0,0,0,0,1,1,20141013,20141207
11422,1,1,1,1,1,1,1,20140712,20141012
11423,1,1,1,1,1,1,1,20140901,20141017
11398,1,1,1,1,1,0,0,20140715,20140803
11399,1,1,1,1,1,0,0,20140715,20141208
11428,1,1,1,1,1,1,1,20140902,20141018
11429,1,1,1,1,1,1,1,20140712,20140831
11413,1,1,1,1,1,1,1,20141020,20141208
11411,1,1,1,1,1,1,1,20140901,20141017
11441,0,0,0,0,0,1,0,20141103,20141206
11438,0,0,0,0,0,1,1,20140906,20141012
11432,0,0,0,0,0,1,1,20141013,20141207
11439,0,0,0,0,0,1,1,20141013,20141207
11410,0,0,0,0,0,1,1,20140915,20141207
11431,0,0,0,0,0,1,1,20140906,20141012
11443,1,1,1,1,1,1,1,20141020,20141208
11442,1,1,1,1,1,1,1,20140712,20140907
11433,1,1,1,1,1,1,1,20140901,20141017
11436,1,1,1,1,1,1,1,20140712,20140831
11435,1,1,1,1,1,1,1,20140712,20140810
11434,1,1,1,1,1,1,1,20141020,20141208
11437,0,0,0,0,0,1,1,20141013,20141207
11400,1,1,1,1,1,1,1,20140712,20141207
11394,0,0,0,0,0,1,1,20141110,20141207
11395,1,1,1,1,1,1,1,20140712,20140824
11397,1,1,1,1,0,0,0,20140818,20140828
11396,0,0,0,0,0,1,1,20141110,20141207
11403,1,1,1,1,1,1,1,20140818,20141208
11406,1,1,1,1,0,0,0,20140811,20140831
11405,1,1,1,1,1,0,0,20140715,20140822
11401,0,0,0,0,0,1,1,20140712,20141207
11407,1,1,1,1,1,1,1,20140901,20141208
11402,0,0,0,0,0,1,1,20140712,20141207
11404,1,1,1,1,1,1,1,20140818,20141208
11412,1,1,1,1,1,1,1,20140915,20141208
11414,0,0,0,0,0,1,0,20140712,20141206
11416,1,1,1,1,1,1,1,20140915,20141208
11417,1,1,1,1,1,1,1,20140712,20141208
11409,0,0,0,0,0,1,1,20140915,20141207
11408,0,0,0,0,0,1,1,20140825,20141207
11586,0,0,0,0,0,1,0,20140719,20140830
11689,1,1,1,1,1,1,0,20140715,20140830
11688,1,1,1,1,1,1,0,20140804,20140830
11676,1,1,1,1,1,1,1,20140712,20141208
11698,0,1,1,1,1,1,0,20140716,20140830
11697,0,0,0,0,0,0,1,20140712,20140831
11699,1,0,0,0,0,0,0,20140715,20140818
11690,1,1,1,1,1,1,1,20141020,20141208
11691,1,1,1,1,1,1,1,20141020,20141208
11692,0,1,1,1,1,0,0,20140715,20140829
11695,0,0,0,0,0,0,1,20140712,20140831
11694,0,0,0,0,0,1,0,20140719,20140809
11693,0,1,1,1,1,0,0,20140716,20140814
11668,1,1,1,1,1,1,0,20140715,20141208
11669,0,0,0,0,0,1,0,20140719,20141206
11675,1,1,1,1,1,1,1,20140712,20140921
11673,1,1,1,1,1,1,1,20140712,20141207
11672,1,1,1,1,1,1,1,20140712,20141208
11674,0,0,0,0,0,1,1,20140712,20141207
11671,0,0,0,0,0,0,1,20140713,20141207
11677,1,1,1,1,1,1,1,20140712,20141208
11670,1,1,1,1,1,1,0,20140712,20141208
11681,1,1,1,1,1,1,1,20140713,20140921
11682,0,0,0,0,0,1,1,20140712,20141207
11678,1,1,1,1,1,1,0,20140712,20141208
11679,1,1,1,1,1,1,0,20140715,20141208
11680,0,0,0,0,0,0,1,20140713,20141207
11629,1,1,1,1,1,0,0,20141027,20141208
11630,1,1,1,1,1,1,1,20140712,20140810
11628,0,0,0,0,0,1,1,20140714,20140810
11585,1,1,1,1,1,0,0,20141027,20141208
11632,0,0,0,0,0,1,1,20140719,20140810
11570,1,1,1,1,1,1,1,20140908,20141003
11631,0,0,0,0,0,1,1,20140714,20140810
11622,1,1,1,1,1,0,0,20140715,20141208
11623,0,0,0,0,0,1,1,20140714,20140810
11626,1,1,1,1,1,0,0,20140715,20141208
11627,0,0,0,0,0,0,1,20140714,20141207
11624,0,0,0,0,0,1,1,20140913,20140928
11625,0,0,0,0,0,0,1,20140720,20140831
11638,0,0,0,0,0,0,1,20140714,20140803
11637,1,1,1,1,1,1,1,20140715,20140810
11643,0,0,0,0,1,0,0,20140718,20140808
11642,0,0,0,0,1,0,0,20140814,20141205
11640,0,0,0,0,0,1,0,20140719,20140802
11571,0,0,0,0,0,1,1,20140922,20140928
11634,1,1,1,1,1,1,1,20141006,20141208
11633,0,0,0,0,0,0,1,20140714,20141207
11635,1,1,1,1,1,1,0,20141103,20141208
11589,1,1,1,1,1,1,1,20140714,20140928
11588,0,0,0,0,0,1,1,20140719,20140906
11591,0,0,0,0,0,1,1,20141103,20141207
11590,1,1,1,1,1,1,1,20141006,20141208
11584,0,0,0,0,1,0,0,20140818,20141205
11587,0,0,0,0,0,1,1,20141103,20141207
11595,1,0,0,0,0,0,0,20140715,20141109
11596,1,1,1,1,1,0,1,20141006,20141208
11593,1,1,1,1,1,0,1,20140714,20140808
11592,0,0,0,0,0,1,0,20141103,20141206
11581,1,1,1,1,1,0,0,20141006,20141208
11580,0,0,0,0,1,0,0,20140718,20140829
11582,0,0,0,0,0,0,1,20140714,20140831
11568,0,0,0,0,0,0,1,20141006,20141026
11574,0,0,0,0,0,1,1,20140719,20140907
11575,0,0,0,0,0,1,1,20140719,20140817
11569,0,0,0,0,0,1,1,20140719,20141207
11572,1,1,1,1,1,1,1,20140715,20140928
11573,0,0,0,0,0,1,1,20140719,20140817
11485,0,0,0,0,0,1,0,20140719,20141206
11577,1,1,1,1,1,1,0,20140715,20140928
11576,1,1,1,1,1,1,0,20140908,20141003
11615,1,1,1,1,1,1,1,20140715,20141208
11620,0,0,0,0,0,1,1,20140719,20141207
11621,1,1,1,1,1,1,0,20140715,20141208
11614,1,1,1,1,1,1,1,20140715,20140928
11617,0,0,0,0,0,1,1,20140719,20140817
11618,0,0,0,0,0,1,1,20140719,20140928
11619,0,0,0,0,0,1,0,20140719,20141206
11616,0,0,0,0,0,1,1,20140719,20140817
11605,0,0,0,0,0,1,1,20140713,20140914
11604,0,0,0,0,0,0,1,20140714,20141207
11603,0,0,0,0,0,0,1,20140713,20141207
11597,0,0,0,0,0,1,0,20140712,20141206
11601,0,0,0,0,0,1,0,20140719,20141206
11610,0,0,0,0,0,1,1,20140713,20141207
11609,0,0,0,0,0,0,1,20140713,20141207
11613,0,0,0,0,0,1,0,20140719,20141206
11612,0,0,0,0,0,1,1,20140713,20141207
11607,1,1,1,1,1,1,1,20140712,20141102
11608,1,1,1,1,1,1,0,20140712,20141208
11598,0,0,0,0,0,1,0,20140719,20141206
11579,1,1,1,1,1,1,1,20140712,20141208
11663,0,0,0,0,0,0,1,20140727,20140810
11664,1,1,1,1,1,0,0,20140929,20141109
11661,0,0,0,0,0,1,0,20140712,20141206
11652,1,1,1,1,1,0,0,20140901,20141208
11662,1,1,1,1,1,1,0,20141110,20141208
11667,0,0,0,0,0,1,0,20140818,20140914
11666,1,1,1,1,1,1,1,20140714,20140810
11658,0,0,0,0,0,0,1,20140714,20141207
11665,0,0,0,0,0,0,1,20140720,20141207
11657,1,1,1,1,1,0,1,20140715,20140810
11655,0,0,0,0,0,1,0,20140719,20141206
11656,1,1,1,1,1,1,1,20140818,20141012
11654,0,0,0,0,0,1,0,20140712,20140713
11659,0,0,0,0,0,0,1,20140713,20141207
11660,1,1,1,1,1,1,1,20140818,20141012
11645,0,0,0,0,0,1,1,20140712,20141207
11646,0,0,0,0,0,1,1,20140712,20141207
11647,0,0,0,0,0,1,0,20140712,20141004
11644,0,0,0,0,0,0,1,20140713,20141207
11650,0,0,0,0,0,1,1,20140712,20141207
11651,0,0,0,0,0,1,1,20140712,20141207
11649,0,0,0,0,0,1,1,20140712,20141207
11648,0,0,0,0,0,1,0,20140712,20141206
11466,1,1,1,1,1,0,1,20141020,20141208
11458,1,1,1,1,1,0,1,20140901,20141017
11462,1,1,1,1,1,1,1,20141020,20141208
11467,1,1,1,1,1,1,1,20141020,20141208
11468,1,1,1,1,1,1,1,20141020,20141208
11450,1,1,1,1,1,1,1,20140825,20141208
11449,1,1,1,1,1,1,1,20140818,20141208
11448,0,0,0,0,0,0,1,20140824,20141207
11447,0,0,0,0,0,1,1,20140825,20141207
11445,1,1,1,1,1,1,1,20140712,20141208
11444,1,1,1,1,1,1,1,20140712,20141207
11446,0,0,0,0,0,1,1,20140824,20141207
11455,1,1,1,1,1,1,1,20140712,20140817
11454,1,1,1,1,1,1,1,20140906,20141017
11453,1,1,1,1,1,1,1,20140712,20141012
11451,1,1,1,1,1,0,0,20141020,20141208
11459,1,1,1,1,1,0,1,20141020,20141208
11457,1,1,1,1,1,0,1,20140713,20141012
11461,1,1,1,1,1,0,0,20141020,20141208
11716,1,1,1,1,1,1,1,20140712,20140921
11717,1,1,1,1,1,1,1,20140713,20141208
11714,1,1,1,1,1,1,1,20141006,20141102
11715,1,1,1,1,1,1,1,20140712,20141207
11710,1,1,1,1,1,1,1,20140712,20141207
11712,0,0,0,0,0,1,0,20140802,20140817
11713,1,1,1,1,1,1,0,20140818,20141208
11711,0,0,0,0,0,1,1,20140922,20141207
11490,0,0,0,0,0,1,1,20140713,20140817
11489,1,1,1,1,1,1,1,20140712,20141109
11469,0,0,0,0,0,1,1,20140714,20141207
11483,1,1,1,1,1,0,0,20140715,20141031
11484,1,1,1,1,1,0,0,20141103,20141208
11480,1,1,1,1,1,0,0,20140715,20141208
11479,0,0,0,1,1,0,0,20140904,20140907
11474,0,0,0,0,0,1,1,20140713,20141207
11473,0,0,0,0,0,0,1,20140714,20141207
11470,1,1,1,1,1,1,1,20140714,20141208
10915,1,1,1,1,1,1,1,20140715,20141208
11471,0,0,0,0,0,1,1,20140712,20141207
11472,0,0,0,0,0,1,0,20140719,20141206
11487,0,0,0,0,0,0,1,20140720,20141207
11475,1,1,1,1,1,1,1,20140713,20141208
11476,0,0,0,0,0,1,0,20140719,20141206
11478,1,1,1,1,1,1,1,20140715,20141208
11477,1,1,1,1,1,1,1,20140712,20141208
11493,0,0,0,0,0,1,1,20140713,20140823
11491,1,1,1,1,1,1,1,20140715,20141012
11492,1,1,1,1,1,1,1,20140901,20141017
10886,1,1,1,1,1,1,1,20140901,20141208
10892,0,0,0,0,0,1,0,20140906,20141206
10893,1,1,1,1,1,0,1,20140901,20141208
10890,0,0,0,0,0,1,0,20140712,20140715
10894,1,1,1,1,1,1,0,20140902,20141208
10891,1,1,1,1,1,1,0,20140712,20141208
10889,1,1,1,1,1,1,1,20140721,20141208
10887,1,1,1,1,1,1,1,20140721,20141208
11121,1,1,1,1,0,0,0,20140908,20141002
11123,1,1,1,1,0,0,0,20140804,20141016
11120,0,0,0,0,1,0,0,20140718,20141031
11119,1,1,1,1,0,0,0,20140715,20140731
11127,1,1,1,1,0,0,0,20140715,20141016
11124,0,0,0,0,1,0,0,20140818,20141031
11126,0,0,0,0,0,0,1,20140811,20140907
11130,1,1,1,1,1,0,0,20140715,20141019
11133,1,1,1,1,1,0,0,20140908,20141003
11134,0,0,0,0,0,1,0,20140712,20140830
11132,1,1,1,1,1,0,1,20140713,20140907
11128,0,0,0,0,0,1,1,20140712,20140803
11129,0,0,0,0,1,0,0,20141006,20141031
11103,1,1,1,1,1,0,0,20140915,20141102
11099,0,0,0,0,0,1,1,20141013,20141101
11104,1,1,1,1,1,0,0,20140901,20141102
11100,1,1,1,1,1,1,1,20140712,20140831
11101,1,1,1,1,1,1,1,20140811,20141208
11095,1,1,1,1,1,1,1,20140811,20140907
11098,1,1,1,1,1,0,0,20140908,20141114
11096,1,1,1,1,1,1,1,20140811,20140907
11111,0,0,0,0,0,1,1,20140906,20141019
11110,0,0,0,0,0,1,1,20140906,20141019
11113,0,0,0,0,0,1,0,20140906,20140913
11112,0,0,0,0,0,1,1,20140920,20141019
11114,0,0,0,0,0,1,1,20140913,20141019
11117,0,0,0,0,0,1,1,20140915,20140928
11116,0,0,0,0,0,1,1,20141013,20141101
11106,0,0,0,0,0,0,1,20140915,20141026
11107,0,0,0,0,0,1,1,20140915,20141012
11105,0,0,0,0,0,1,1,20140915,20141101
11108,0,0,0,0,0,1,0,20140809,20141101
11109,0,0,0,0,0,1,1,20140913,20141101
11176,1,0,0,0,0,0,0,20141014,20141027
11177,1,1,1,1,1,0,0,20140715,20141013
11164,0,0,0,0,0,0,1,20140713,20140907
11169,1,1,1,1,0,0,0,20140715,20140907
11168,0,0,0,0,1,0,0,20140912,20141003
11170,1,1,1,1,0,0,0,20141027,20141030
11167,0,0,0,0,1,0,0,20141006,20141031
11165,0,0,0,0,1,0,0,20140718,20140810
11166,0,1,1,1,0,0,0,20141021,20141026
11175,1,1,1,1,1,1,1,20140712,20140803
11174,1,1,1,1,0,0,0,20140715,20140907
11173,0,0,0,0,0,1,0,20140712,20140830
11172,1,1,1,1,1,0,0,20140908,20141003
11149,1,1,1,1,1,1,1,20140712,20141208
11147,0,0,0,0,0,1,1,20140915,20140928
11148,1,1,1,1,1,1,1,20141103,20141208
11150,1,1,1,1,1,1,1,20140712,20141019
11152,1,1,1,1,1,1,1,20140712,20140907
11135,1,1,1,1,1,1,1,20140712,20140831
11141,1,1,1,1,1,0,0,20140715,20141013
11143,1,1,1,1,1,0,1,20140713,20141019
11142,1,1,1,1,1,0,0,20141103,20141208
11136,1,1,1,1,1,1,1,20140712,20140803
11139,1,1,1,1,0,0,0,20141020,20141030
11138,0,0,0,0,0,1,1,20140915,20140928
11144,1,1,1,1,1,0,0,20140901,20141102
11145,1,1,1,1,1,1,1,20141103,20141208
11154,0,0,0,0,0,0,1,20140921,20141026
11161,0,0,0,0,0,1,0,20140906,20140927
11158,0,0,0,0,0,1,1,20140921,20140928
11160,0,0,0,0,0,1,1,20141011,20141026
11159,0,0,0,0,0,1,0,20140906,20141101
11162,0,0,0,0,0,1,1,20140906,20141101
11163,0,0,0,0,0,1,0,20141011,20141101
11155,0,0,0,0,0,1,0,20140913,20141025
11094,1,1,1,1,1,0,0,20140908,20141005
11320,0,0,0,0,0,1,0,20140712,20141206
11319,0,0,0,0,0,1,0,20140726,20140823
11332,1,1,1,1,1,1,0,20140712,20141208
11337,0,0,0,0,0,1,0,20140712,20140719
11336,0,0,0,0,0,1,1,20140721,20141207
11334,1,1,1,1,1,0,0,20140715,20141010
11335,1,1,1,1,1,0,0,20141013,20141208
11328,0,0,0,0,0,1,0,20140728,20141206
11333,1,1,1,1,1,0,1,20140713,20141208
11331,1,1,1,1,1,1,1,20140825,20141208
11314,1,1,1,1,1,1,1,20140715,20141208
11315,1,1,1,1,1,1,1,20140712,20140831
11316,1,1,1,1,1,1,1,20140712,20141208
11312,1,1,1,1,1,1,1,20140715,20141208
11317,0,0,0,0,0,1,1,20140712,20140831
11683,1,1,1,1,1,1,1,20140712,20141207
11684,1,1,1,1,1,1,1,20140712,20141208
11685,1,1,1,1,1,1,1,20140712,20141208
11686,1,1,1,1,1,1,1,20140712,20140921
10919,1,1,1,1,1,1,1,20140721,20141208
10922,1,1,1,1,1,1,1,20140712,20141208
10923,1,1,1,1,1,0,0,20140714,20140718
10924,1,1,1,1,1,1,1,20140712,20141208
10920,0,0,0,0,0,1,1,20140712,20141207
10921,1,1,1,1,1,1,1,20140712,20141208
10907,0,0,0,0,0,1,1,20140713,20140831
10908,0,0,0,0,0,0,1,20141005,20141207
10910,1,1,1,1,1,1,1,20140715,20140831
10914,1,1,1,1,1,1,0,20140721,20141208
10913,1,1,1,1,1,1,0,20140716,20140830
10917,1,1,1,1,1,1,1,20140716,20140831
10808,0,1,1,1,1,1,1,20140712,20141207
10807,1,0,0,0,0,0,0,20140714,20141208
